%YAML:1.0
---
irToVisibleHomography: !!opencv-matrix
   rows: 3
   cols: 3
   dt: d
   data: [ 9.5495093417304033e-01, -6.8005055874205189e-02,
       4.8326976425103283e+01, 3.1292077750835569e-02,
       9.5493778356793146e-01, 1.0229477771042534e+01,
       -6.2570702878444106e-05, -5.0230313361166055e-05, 1. ]
visibleToIRHomography: !!opencv-matrix
   rows: 3
   cols: 3
   dt: d
   data: [ 1.0267614969040322e+00, 2.9187311447152725e-02,
       -9.9444847455848972e+01, -1.9546946546236742e-02,
       9.8873281713296157e-01, 4.7725420218389104e+01,
       5.4623977975700784e-05, -5.2007335518178899e-05, 1. ]
