%YAML:1.0
---
irToVisibleHomography: !!opencv-matrix
   rows: 3
   cols: 3
   dt: d
   data: [ 9.5495093417304033e-01, -6.8005055874205189e-02,
       4.8326976425103283e+01, 3.1292077750835569e-02,
       9.5493778356793146e-01, 1.0229477771042534e+01,
       -6.2570702878444106e-05, -5.0230313361166055e-05, 1. ]
visibleToInfraredHomography: !!opencv-matrix
   rows: 3
   cols: 3
   dt: d
   data: [ 1.0453576395439279e+00, 7.1746254096612130e-02,
       -5.1258790798081336e+01, -3.4907095373974815e-02,
       1.0480944978297182e+00, -9.0421523545448483e+00,
       6.3765048482014285e-05, 5.7131461869661914e-05,
       9.9999999999999989e-01 ]
